351489.340096
351489.340096
344106.611584
344511.193827
343906.843339
343511.105754
348251.678524
342273.852055
339434.536727
339139.077511
340169.900675
340575.065544
343989.09707
341465.956905
339478.442688
321957.621582
314014.288985
315823.41038
327107.551473
327890.041862
333716.526444
335764.493726
337490.003499
341049.779313
341645.557646
340785.972648
339654.857642
334767.353711
330047.106628
326306.065694
324156.219039
325679.021903
329793.091069
334742.646737
335951.877551
334979.852401
328456.819938
321291.214449
342367.304036
354226.109399
361557.162817
359402.13254
357397.21792
355987.309204
357658.013652
362864.006181
368436.489185
377558.831893
377821.869043
376567.812508
371918.487012
368164.208195
368838.313729
368164.497416
369613.512545
367949.561938
360459.676595
348435.965597
356079.720959
366821.913798
368017.035657
366347.497884
354198.416414
336070.265422
344972.999284
342745.915462
334155.912533
340881.98678
345270.800094
356035.441337
354509.344291
353684.612854
355084.42568
354338.337866
351715.416593
352176.178389
344682.234835
342717.507011
346010.792493
359646.896708
359492.877144
359298.934717
351764.877698
350825.272209
352047.051286
349365.699829
348655.769511
349006.67098
348356.048088
347346.638863
348404.049927
348735.06062
349612.487484
346648.580697
348722.792
351306.471973
357677.248629
364467.748283
363048.668294
369939.729382
378358.466109
380552.34797
376812.723328
393218.296195
394051.598413
393548.603707
392091.56108
389752.290824
390225.957503
391809.376017
397892.590914
387259.552238
366005.663928
354500.762288
351155.545923
343055.052425
324096.138281
324615.717391
328944.188534
328623.808004
330827.940588
335252.576729
333574.053072
323700.053874
321854.484465
322201.962752
337225.688123
346521.241687
353295.548169
362738.617411
361444.165259
362125.532918
359256.255904
354680.320052
357158.659054
359423.208533
362541.378259
363068.226632
372768.361149
378599.973466
380863.531986
378662.969405
384766.527047
387517.838542
383691.806864
378581.675248
369510.990238
370151.169796
375284.525891
373241.642126
367870.724874
357196.330103
354877.05474
352520.4729
353194.88551
333039.399194
330584.464486
342626.980164
352628.324788
361896.512964
362621.264445
362185.145496
353721.781014
345913.36355
340764.485636
344746.322982
352741.009436
352567.549967
349230.837236
341048.483223
342394.986178
343342.852482
341235.997852
332422.632544
326853.457711
320258.693062
324825.846293
329987.170581
333274.655396
327661.034253
325532.315556
326468.694869
333311.153666
328444.576314
327089.206323
326904.80024
351033.969214
355419.090967
354019.704517
352377.648649
351556.77002
330083.657361
323434.153569
334842.198983
334737.54978
333550.103153
332733.82583
350217.839152
349766.828589
347560.187659
346161.449272
341102.635868
336918.25297
342845.371041
346189.825171
346136.689294
346034.576868
354347.635978
358382.058976
344784.41108
329076.796993
335523.259224
338861.092094
341133.537618
343234.923665
344162.440304
344207.216073
344294.86925
344996.881205
346331.763603
348906.161938
352196.929728
363615.455656
367608.71051
357677.922188
350373.232023
348740.480046
344150.988647
335088.53245
334293.289689
325622.892745
330576.564351
332975.817891
339432.903642
340167.292045
336258.934233
327349.631555
325289.3462
326410.300655
329221.642448
336499.941333
357209.180302
358240.851172
356470.347884
357709.813631
363061.65415
363493.309338
362955.474044
365761.351709
364867.79506
362621.923185
353007.473735
349485.508085
347849.965499
346860.976742
347268.929451
342654.657768
338909.370398
334602.146493
336013.577075
336052.345284
335577.877799
335838.045463
338351.225334
344826.83783
355859.332357
365877.873535
373491.225435
380366.840243
381245.308024
378188.004651
377917.444165
380671.002909
381162.952665
380753.186727
384427.912374
360351.496171
349218.12476
344850.993156
349254.411743
341491.56095
338910.296139
337536.43809
340593.784298
348493.778609
352040.563342
350119.108822
341549.186438
357493.356116
350703.338908
341713.879806
335943.807316
333463.393294
349047.407048
357520.048869
336834.329195
340149.42159
336295.327413
336805.914038
337394.752368
338085.287329
346717.820801
358421.9276
355115.470528
345576.937533
341789.550659
326134.505286
324526.056661
341593.141069
335517.395805
328716.495349
330422.227181
331477.239714
334611.479708
337094.213009
341420.463379
356694.997209
371869.512162
389635.843705
402350.565206
405304.297196
414731.138432
421758.400106
421494.17264
415298.310388
408767.215759
410367.300492
393031.559973
388095.131986
392504.185856
396759.921757
396993.950037
395916.768896
398751.44917
400578.259281
401722.8554
402750.448263
401259.41486
398128.046322
397461.4413
397098.619324
398346.512683
399066.584224
399314.862862
394648.001628
393633.748006
389129.866691
386131.832068
370167.190934
366121.076725
360764.689478
354240.77594
342868.920862
349348.248031
356324.347611
361995.253687
357441.481632
356386.085938
349117.320581
359956.65896
369954.003495
376729.794963
373311.267818
367061.678333
373768.272929
384188.59904
382787.45575
378228.022957
365708.795406
364811.972135
368185.469983
368711.930058
368299.241862
369889.117891
371289.005428
362764.692485
360752.24845
362030.990995
367010.643217
362021.578182
359713.2059
363206.560791
363067.921863
363935.701904
361778.198515
375899.772791
364232.953837
361326.135771
363298.812211
363700.628691
354490.598905
367862.107601
369478.079366
372087.818937
369479.228414
369394.557727
376392.681445
378609.954997
393877.482857
380733.015068
390644.903308
392454.388892
398347.342367
400854.072396
398802.973295
396731.835221
397777.642761
398861.789742
398278.772827
390552.738822
390939.992851
390532.318962
388365.618669
392480.876652
382453.471655
332851.648633
324688.891671
340410.670406
357417.520032
386310.31473
374285.732829
357280.36582
356530.578153
373618.887402
369803.445072
352495.612402
349840.51355
359257.398889
360873.078035
347979.619568
351926.351099
357846.512732
373451.949495
360216.14967
358681.774756
366687.392631
365849.933622
365904.122388
374464.429574
388280.808195
385811.62981
389074.298226
405576.894568
411201.769169
400350.178597
398772.183948
398256.467025
397448.698775
399237.397705
405134.522725
408055.573832
392314.853206
394663.465218
396137.103064
399290.726261
400737.521098
409068.294731
408861.573193
408741.215951
414523.125647
405281.897323
404484.049231
406293.009904
401320.513713
398355.492517
398741.156925
400421.089144
397308.511865
397232.779761
395731.16934
397769.797319
407642.708553
404643.896985
398939.330127
399253.650212
403023.930896
403813.574137
406203.094645
413401.613131
412508.621399
410273.354232
396920.811877
400054.0922
398535.591178
394186.99609
392570.946423
392607.326526
390908.877873
394427.876611
395991.257279
393747.67572
391632.90109
397704.496147
403429.132829
403606.69727
420014.572644
428584.523376
432091.579016
425181.54856
404232.054447
415820.533403
424904.647412
412322.965955
386634.391439
388460.740397
414021.224504
417106.244531
385619.790149
376776.110364
391359.458199
402550.380505
390927.42373
383642.316048
390721.232467
379376.478398
384769.361914
388618.097026
386454.493811
392979.43538
405348.920321
415436.184562
439072.525647
438524.227559
453549.216357
453843.303699
455335.518738
456534.251941
464872.219946
458577.950114
458532.298372
455670.088932
451506.932284
448745.368986
445416.998995
448790.059054
448945.233545
449458.148531
458960.663037
460221.784644
459539.891016
457382.654403
449451.561121
441525.960567
442764.372192
444560.037329
446612.248307
448071.640397
446763.161918
442004.703125
443464.173665
446306.124707
448112.106458
447226.191191
441388.669694
443583.564421
450252.997148
456591.768945
454621.527478
450531.492448
454401.273438
465987.150342
467136.908659
461345.420764
459347.74766
428830.893994
425439.144775
419851.725216
417248.611861
413944.362459
410380.196114
412747.109786
420135.618669
419341.653389
417813.12406
416668.38422
419631.083183
420333.95236
419059.438867
419240.967395
418952.79283
418856.951912
422773.115015
423599.227991
419514.720593
417528.296895
416293.885347
415995.820333
415812.573954
416026.724622
417424.573433
420367.890853
436434.251766
461297.927759
457212.767476
455370.910193
455823.924609
454010.476855
448818.855583
447461.065149
443572.727242
443540.623539
445947.532442
447419.407703
447597.870601
450999.941801
460202.751383
462592.363582
461608.996322
453109.215271
450910.632593
449403.463066
446939.670414
446665.612895
449613.435982
453291.440531
460911.245394
458852.477425
456458.378776
450037.012773
447129.826021
450558.920984
452556.965613
454831.724825
455880.751823
453091.067773
460272.551208
465151.981905
466371.66956
465108.040479
458962.410303
461987.74965
461343.56652
457201.527079
450668.280005
451156.214026
456683.060697
462021.272123
461595.823877
467065.461654
464717.655811
459411.401078
456724.165255
455744.18315
450831.108293
448093.410522
447234.117033
453125.063521
457401.437809
457305.476982
458336.044849
453518.005164
447594.282987
444347.76816
443912.331999
444000.494832
435839.7587
440707.839063
443813.346456
436584.765299
435533.700403
432175.027946
432858.278943
421419.396932
418904.06827
414956.140206
424524.925407
420807.633508
433998.704594
460063.958598
464899.161092
465560.429305
460845.033993
461434.76123
456384.769727
454704.209412
456029.90743
457029.208044
463276.15116
467348.607861
464121.220085
472644.24165
469538.360653
463605.88175
467992.73654
468843.49987
447662.441471
437316.179899
439318.219515
447057.991915
447677.956917
445990.815063
445234.844409
447206.918477
449499.358297
449950.771899
450072.372538
441785.928918
441026.292391
443236.501408
453025.488009
454756.469983
452804.198743
451446.599361
442379.766935
447666.463257
447479.825838
447902.845451
448370.237874
448666.945654
452213.993429
457146.081356
455216.878259
452736.723063
446048.651147
440846.649089
442991.003129
442803.263961
445849.047534
448658.645296
446302.996785
447909.129122
448091.224687
447608.377889
446498.397367
442031.537382
443127.511536
444656.585205
444850.569486
440851.24349
431378.776961
425645.432385
446504.463147
427055.233484
433771.27207
437049.640861
437785.521765
436504.67974
429527.838216
416013.756091
416081.480221
419345.482723
428271.348307
435538.580518
434979.68619
435557.627311
434887.65391
428159.259534
426216.440051
426601.109139
428631.791764
432155.061532
440999.001982
448692.965898
449104.181417
477241.083761
472903.690169
460811.168217
453040.455526
453064.710673
456616.657971
456498.097913
456426.159127
459330.59753
460909.5005
466378.686357
472242.227799
471768.208643
463765.523462
460446.709338
470413.488481
474245.07262
471649.226265
471436.073767
472622.579244
466868.108142
466371.480339
466925.624813
464406.590678
459943.364168
458531.210335
460250.120919
458725.065621
461540.142826
466199.471191
477364.601542
478299.574475
475222.446464
471175.447599
474621.015763
475929.809782
477066.219824
475350.402677
474625.719702
472408.943913
471690.415442
478575.322673
477987.584562
480432.369938
482123.145817
481132.792542
480447.558944
472272.63042
475609.440336
470301.098812
478822.672799
481099.757727
484320.780522
489690.266744
490407.567867
488030.562882
483731.644539
481511.54294
473214.801046
470668.74755
471715.766675
471845.615735
468621.20304
467987.877539
472934.802722
477223.250195
476976.43123
476146.81119
476486.699394
475134.802848
470567.753849
470571.86792
468649.896476
469891.843388
470795.757357
480667.6955
486386.569275
484636.819368
483742.773181
479978.596228
479041.399308
479962.038477
480537.777958
483151.656738
482584.879708
480605.178231
481426.798112
480918.490796
480542.971729
477975.96899
478468.671606
456410.029476
446588.612858
438522.054163
434721.215031
432778.613562
434405.932841
439747.350667
449022.693783
455391.568929
463415.601811
459421.4632
446365.800688
437089.652661
436142.232471
435565.260246
441590.605754
441335.694454
448939.797225
457902.933671
455204.608838
453897.539201
452386.443168
442461.270369
436115.000533
441002.646444
440276.082719
445708.730937
466486.066801
468341.429358
478189.137122
478142.914913
475793.341589
468797.219625
467213.408142
466533.364754
470236.959013
476804.575387
476458.374382
474700.998153
472314.974666
474591.391923
475864.142249
475817.223918
473711.477486
473756.54318
473361.580212
453762.910685
434803.010392
426763.788639
450420.571989
416716.405164
428141.323372
436764.774097
427102.836328
432651.552067
435566.128483
448891.751766
443522.852755
437231.46864
444334.962789
459187.83442
468528.422701
467592.160197
468179.820923
468059.531966
469805.084204
472324.822453
475264.588428
479732.945964
481870.153894
481467.666504
478069.139795
475319.715442
476716.063672
472700.027702
472639.044482
475998.369393
479156.998808
475149.612305
469775.125574
472603.117419
471941.926396
470312.447742
470965.373698
472541.818819
471144.779362
456408.695072
467321.553715
454938.180786
457305.36451
463072.951005
462239.954378
459346.586755
460227.793404
461367.268262
463626.398116
467134.593522
474138.840922
477154.958305
474518.010718
475618.304964
473477.98894
468812.051575
465889.717859
460305.746362
457527.055074
457982.244063
462234.176986
465671.814144
465244.119385
466367.247815
464872.732357
462025.171448
461998.529549
465137.12076
466119.968937
464295.613485
463700.483333
462778.799788
462596.102511
463463.970203
463755.472192
463925.971289
450829.005062
446330.617053
455684.592415
465250.356527
465109.586418
462380.688802
460341.659521
461790.317847
462006.045467
463289.018168
464938.323031
460351.443929
454692.334172
451689.518429
449610.109473
447717.381803
449561.155221
450289.705778
449133.898995
450337.03112
453390.632564
452041.46748
450097.99495
456854.354
463175.370585
467494.360067
471738.613208
467067.049312
451119.308293
441849.734631
441188.991146
443289.586271
449987.956986
461862.77913
464500.861475
463984.872388
483696.02124
495046.794027
493874.328593
491824.930225
490856.117904
485192.720036
479093.90579
481099.399333
478080.312284
473693.360319
480858.825309
489187.973389
493247.638774
495586.870186
494100.667615
490207.099772
490182.492354
477853.166707
473002.756645
472539.061332
476006.539453
475380.10365
436978.372343
438870.73538
443289.297184
448367.171847
451307.54152
453136.139868
448672.367281
446469.304496
444256.308956
439103.042769
436474.864661
431908.238879
437010.561141
436057.676921
434699.281856
434023.368502
436435.576168
437746.349662
454075.557723
488234.124121
489310.987585
492065.818506
491223.908423
486066.12784
476827.757996
470071.878385
466146.899992
465217.772245
459386.567249
460778.350696
458562.688953
462304.833036
472111.019108
472234.483065
468669.724215
467619.887927
466659.626095
461791.336471
433197.830379
433168.918188
427499.523132
424457.386056
410056.589583
416268.751461
393219.43302
381722.87054
382840.47028
385300.844177
387761.286861
386925.048661
389024.290808
389457.814734
387124.416703
394009.446139
396180.487626
394220.880811
397264.18422
397011.989494
390282.230245
393001.357642
394853.643726
393414.107023
392859.377287
392872.075753
410024.919014
481373.507064
485373.041085
488239.306335
471153.030428
447550.837325
458430.916268
461326.726078
462664.532947
474831.04683
475425.625146
476636.882397
488576.450899
488505.69574
482343.335262
476368.609839
469797.587496
456396.199418
446636.441252
435667.089136
429715.808618
442891.189152
455720.912764
454486.168831
445859.780424
430221.463798
432972.664396
435510.61401
437409.657129
439105.271379
443277.773926
450620.714974
448744.642224
446449.253101
436114.237524
438967.555139
431700.74045
415757.853267
420806.040267
411198.12019
399342.984285
401745.197144
403295.334526
411267.438196
419614.095426
413932.671
395040.733622
410087.446155
410613.106226
414024.289445
419604.933671
424194.526571
431748.985722
433584.902275
435429.145854
435167.943396
407280.770076
407156.388021
407690.411263
409164.745866
411189.438888
412581.855672
416919.728125
400626.212939
402078.239608
404973.960205
410375.227588
412606.118575
409253.728788
408811.289726
407004.665039
412002.940592
415622.71084
412204.453719
415834.612402
404478.734847
396721.335588
396849.397607
393712.641654
394158.548173
392011.599463
416095.970268
416897.428483
414373.877816
408960.622168
404338.941874
408962.04622
423622.848279
416174.529358
408311.822205
401764.613338
419743.013033
409232.682666
409907.390507
409491.192733
403241.562435
418507.393929
419199.230212
417095.852633
427362.995919
430824.268453
441514.756303
435288.07002
433270.049784
420532.239612
415935.628861
417029.007471
422022.891541
421354.294836
417881.545569
416006.981718
420114.84314
421771.303129
426649.846777
424536.687492
421314.100708
424550.551697
392918.446273
396991.816288
391590.489343
387062.796094
394471.95096
396341.737846
390455.349491
379539.215804
381742.749878
387613.946431
390397.027218
382227.330623
382313.612573
371225.775968
379774.884338
388018.812895
389375.112256
388096.289441
375004.767273
370297.516602
374569.020662
378974.796399
381637.973006
394806.732035
405177.358276
411737.972302
412848.318388
413166.196167
404065.50732
395716.195105
396145.027466
397977.354362
399468.441911
401134.4288
401765.654447
405122.053914
399949.525085
399241.018693
406064.903015
404059.607373
402197.743738
402009.561605
385565.150016
387111.032174
383708.260527
380428.282507
368332.107878
381982.603015
387598.385173
373751.2913
365689.902779
364610.518665
372607.989937
374741.176107
374965.873641
369994.020846
374532.37229
383030.410828
387340.179838
382488.199792
373348.885189
381198.748905
384834.694531
385622.225777
386692.262435
384731.551945
384746.218929
387055.936833
387217.678764
384854.26283
387678.314754
391875.574198
396824.586646
394082.953149
392477.534855
387308.043282
386241.41995
377855.646659
374448.701436
380448.353072
370932.284989
380634.034566
371390.053963
354005.692655
340508.883341
359038.8085
365666.651485
352071.930819
337660.818811
351483.155221
384027.620256
370796.355473
349145.688192
344537.635482
356660.118368
370923.703324
357330.093949
345950.854411
348754.953666
356684.37417
359028.333455
358843.507723
359100.057719
360851.036235
363000.816313
348810.8849
343736.38669
347113.193213
357777.551648
354959.717293
354006.034684
360208.952991
378044.284054
387311.833598
389378.883757
390217.593278
385123.579012
382129.714677
384585.318339
385566.108602
384289.587142
381818.502706
381733.434062
380469.20529
372815.084115
373969.265035
375264.011178
371156.490922
363218.249369
364752.361153
364854.501583
364530.010311
364533.500142
368474.933285
370697.315963
368009.855526
379256.64801
386846.618559
370912.311084
375701.377389
368713.962337
355464.492773
366539.058195
365706.544108
374953.860246
372530.497693
372713.97122
376472.962976
376807.660164
369004.804712
366426.454036
360837.919828
358611.764038
351890.248279
345420.360636
341061.083407
335408.519625
335710.952454
336441.467704
339239.940299
368556.331034
372647.426278
379326.024308
375952.366793
358818.846159
367084.905473
362250.820512
358547.422363
360433.52808
359703.383293
359844.296366
324159.39222
299545.838334
305094.477368
318443.168673
326036.437
329853.827258
318836.772815
311811.309696
305896.015426
324829.352169
324020.202625
323693.578092
328373.493062
347806.99421
350736.823983
381507.648417
384388.939095
377239.583663
370209.872729
357705.44412
350623.355945
368843.261271
370904.205123
373963.205098
373847.43444
373770.679224
375117.384285
379385.354342
385376.084587
383241.633838
379897.158822
372485.760421
370850.961051
369791.96086
369459.852881
370077.094763
372037.466679
377675.07714
372277.756909
373909.498136
386165.204622
388264.250334
387688.38774
374386.570524
355377.840348
360741.459363
357521.008276
366838.708651
368513.096126
367373.195467
366097.549817
366497.47876
376181.87301
381091.154773
375103.048804
370800.173421
363834.109599
372614.638102
375743.085771
371974.803642
368135.943811
368219.433789
