49.71
49.71
66.85
63
50.83
56.32
72.6
57.32
62.59
63.77
52.3
61.13
51.95
52.88
82.31
78.95
48.6
59.39
53.15
51.07
69.49
59.64
69.42
63.53
45.46
49.7
66.45
59.93
49.16
57.46
73.2
73.96
75.21
69.14
71.74
71.56
65.69
78.28
81.58
79.3
87.15
84.37
64.88
74.96
83.11
79.55
74.98
70.58
51.26
60.05
78.74
66.67
54.14
61.11
79.62
73.98
76.75
70.02
71.36
76.58
88.28
84.84
86.02
83.16
85.33
72.7
86.17
85.18
82.75
68.04
77.58
72.35
54.76
64.33
76.18
63.9
51.22
61.4
80.38
73.94
75.65
67.71
71.52
69.39
82.43
85.62
86.32
84.03
86.84
91.22
74.63
74.21
81.11
73.22
70.19
68.52
50.24
49.13
68.15
65.49
58.94
62.41
78.54
75.25
77.07
85.93
74.82
71.71
83.85
86.4
82.57
79.8
83.25
71.62
80.17
80.73
84.12
79.11
76.92
65.89
52.59
50.17
70.89
67.02
54.84
62.24
80.07
76.92
75.2
69
69.17
69.82
83.9
82.93
85.61
81.07
82.83
69.2
70.42
67.16
82.06
75.12
75.48
67.02
51.69
63.76
76.22
65.95
49.61
60.49
77.93
67.68
72.95
65.82
50.18
61.66
51.29
50.5
83.48
73.63
60.27
62.76
52.41
52.61
67.24
64.84
72.24
64.17
